uniprot_id	nac_fraction_holo	nac_holo_idxs	n_confident_models	prmsd_mean	prmsd_std	nac_fraction_apo	nac_apo_idxs
A0A0F5NA60	0.38461538461538464	1;3;5;6;11;12;15;18;19;25;28;29;31;35;36	39	2.5592049884796144	1.1800658656640028	0.73	1;2;3;4;5;6;7;9;11;12;13;15;16;18;21;22;23;24;25;26;27;28;29;30;31;32;33;34;35;37;38;39;40;41;42;43;46;47;48;50;51;53;54;55;57;59;60;61;62;63;65;66;67;68;71;73;75;77;78;79;80;81;82;83;85;86;87;88;92;93;97;99;100
A0A0H3MCY6	0.39285714285714285	1;2;5;9;10;11;14;18;19;20;21;25;26;27;29;35;38;41;43;46;50;52	56	2.246221505403519	1.3203872569467818	0.89	1;2;3;4;5;6;7;9;10;11;12;13;16;17;18;20;21;22;23;24;25;26;27;28;29;30;31;33;34;35;36;37;38;39;40;41;42;43;44;45;46;47;48;49;50;52;53;54;56;57;58;59;60;61;62;63;64;66;67;68;69;70;71;72;73;74;75;76;77;78;80;81;82;84;85;86;87;88;89;90;91;92;93;94;95;96;98;99;100
A0A0I9Z3I8	0.38596491228070173	4;5;6;7;9;11;13;14;19;20;22;24;27;36;38;39;40;41;43;45;54;56	57	2.195822466611862	1.2002080103322783	0.96	1;2;3;4;5;6;7;8;9;10;11;12;13;14;15;17;18;19;20;21;22;24;25;26;27;28;29;30;31;32;33;34;35;36;37;38;39;40;41;42;43;44;45;46;47;48;49;50;52;53;54;55;56;57;58;59;60;61;62;63;64;65;66;67;68;69;71;72;73;74;75;76;77;78;79;80;81;82;83;84;85;86;87;88;89;90;91;92;93;94;95;96;97;98;99;100
A0A0N9YG13	0.3181818181818182	3;4;5;10;15;19;20;24;26;27;28;30;36;43	44	2.551474951505661	1.0213904984558677	0.52	1;2;3;4;6;8;9;12;13;15;18;20;22;23;24;26;32;35;37;40;43;44;46;47;49;50;51;52;53;58;61;64;65;66;67;69;72;73;74;75;77;78;79;85;86;89;91;92;93;95;96;100
A0A0U0ZG49	0.36363636363636365	3;5;7;9;10;11;14;17;21;22;29;33	33	2.707639931440353	1.0712872062635892	0.75	1;2;3;4;5;6;7;8;9;10;11;12;14;15;16;17;18;19;20;21;22;23;24;26;27;31;32;34;36;37;38;43;44;45;46;47;49;51;53;54;56;57;58;59;61;62;63;65;67;68;69;72;73;74;75;76;77;78;79;82;83;84;85;86;87;88;89;91;92;94;96;97;98;99;100
A0A0U1E1C0	0.3148148148148148	2;3;5;6;7;8;10;14;25;26;29;30;31;33;37;39;51	54	2.2983003205060957	1.1560737528072191	0.82	1;3;4;5;6;7;8;9;10;12;13;14;15;16;17;18;19;20;21;22;23;24;25;27;28;29;30;32;34;35;37;39;40;41;42;43;44;45;46;47;48;49;50;51;52;53;54;55;56;57;58;59;60;61;62;63;64;65;66;67;68;70;71;73;74;76;77;79;80;81;82;83;86;87;89;93;94;95;97;98;99;100
A0A163Z098	0.3333333333333333	3;6;9;10;12;15;19;25;29;32;33;34	36	2.730775363445282	1.1039232092753002	0.93	1;2;3;5;6;7;8;9;10;11;12;13;14;15;16;17;18;19;20;21;22;23;24;25;26;27;28;29;30;31;32;34;35;36;37;38;39;40;41;42;43;44;45;46;47;49;50;51;52;53;54;55;56;57;58;59;60;61;62;63;64;65;66;67;68;69;70;71;72;73;75;76;77;78;79;80;81;82;85;86;87;88;89;90;91;92;93;94;95;96;97;99;100
A0A178LTI6	0.4411764705882353	8;9;12;14;17;18;20;25;27;28;29;30;31;32;34	34	2.9711078894138336	1.168481813110998	0.74	1;2;3;4;5;7;8;9;10;11;12;13;14;15;16;17;18;19;23;24;25;27;28;30;31;32;33;34;36;37;38;39;40;41;43;44;46;47;48;49;50;51;52;54;55;57;58;62;64;65;66;67;68;70;71;78;80;81;83;84;85;86;87;88;89;90;91;93;94;95;96;97;99;100
A0A179V396	0.3488372093023256	2;4;8;13;17;24;26;29;32;34;36;37;41;42;43	43	2.620466943979263	1.0583892575539144	0.64	1;2;3;5;6;7;9;11;13;15;16;17;19;21;22;24;25;27;29;30;32;34;35;37;38;42;45;47;48;49;50;51;52;53;54;55;56;57;58;59;60;62;63;65;66;67;69;71;72;73;74;75;77;81;82;84;87;88;89;91;93;95;96;98
A0A1A2DP38	0.6046511627906976	2;6;10;11;12;13;14;15;17;19;20;22;23;24;26;27;29;30;32;33;36;37;38;39;40;43	43	2.6229192662239074	1.3451918985657136	0.77	1;2;3;4;5;6;7;8;10;12;13;14;15;16;17;18;19;21;22;24;25;26;27;28;29;30;31;32;33;34;36;37;38;40;41;42;43;44;45;46;47;50;52;53;54;55;56;57;58;59;60;61;62;65;66;67;69;70;71;72;73;76;77;80;81;82;83;86;87;88;89;92;94;95;97;98;100
A0A1A2SKN5	0.3	6;8;10;14;18;23;24;28;29;31;35;36	40	2.4082912015914917	0.9407329517880617	0.55	2;3;4;5;7;8;9;11;12;13;14;15;16;17;18;19;21;25;27;31;32;33;34;36;37;39;41;45;46;48;50;51;52;54;55;56;57;59;60;64;65;67;68;70;71;74;76;77;78;80;82;85;86;88;91
A0A1A6BMZ1	0.2708333333333333	1;2;3;7;8;19;20;28;33;38;43;46;48	48	2.2309677708148956	1.1358616142756146	0.67	1;2;3;5;7;9;10;11;12;13;14;15;17;18;19;22;23;24;26;27;29;30;31;32;33;34;35;39;40;41;43;44;45;46;48;49;50;51;52;53;57;60;61;62;63;64;66;69;70;71;72;74;76;77;79;81;83;86;87;88;89;90;91;92;93;94;96
A0A1B8SKL4	0.37142857142857144	2;4;6;9;13;14;15;19;25;27;30;32;33	35	2.7100614142417907	1.069685606771727	0.84	1;2;3;4;5;6;7;8;9;10;11;12;13;15;16;17;18;19;20;21;23;24;26;27;28;29;30;31;33;34;35;36;37;38;39;40;41;43;44;45;46;47;50;51;52;53;54;55;56;57;58;59;60;61;62;63;65;67;69;71;72;73;74;75;77;78;79;80;82;83;85;86;87;88;89;90;91;92;93;94;96;97;98;100
A0A1E3RBW0	0.5357142857142857	5;6;7;8;9;11;14;15;16;18;19;20;21;23;24;25;28;30;33;34;39;40;41;44;47;48;51;52;54;56	56	2.3078683292865754	1.1520442326788356	0.7	2;6;7;8;9;10;11;12;13;14;15;17;18;19;20;21;22;23;24;27;28;29;30;31;32;33;34;36;37;38;39;41;43;46;47;48;49;50;51;52;53;54;56;57;58;59;60;61;62;63;64;66;68;70;75;77;78;80;82;83;84;85;86;87;89;90;94;95;96;100
A0A1J0VT15	0.27450980392156865	7;11;12;14;17;20;26;30;33;35;39;40;42;43	51	2.4834150177240373	1.2367157251732526	0.8	1;2;3;4;7;8;10;11;12;14;15;16;17;18;19;20;21;22;23;24;25;26;27;29;32;33;35;36;37;38;39;41;42;44;45;46;48;49;50;51;52;53;54;55;56;58;59;60;61;62;64;65;66;67;68;69;71;72;74;75;76;77;78;79;81;82;83;84;86;87;88;90;91;92;93;94;95;97;98;99
A0A1R3Y1N0	0.3148148148148148	1;3;5;11;14;21;27;28;29;31;38;39;46;47;49;52;54	54	2.4106007194519044	1.5088226443412884	0.87	1;2;3;4;5;6;7;8;9;10;12;13;14;16;17;18;19;20;21;22;24;25;26;27;28;29;31;32;33;34;35;36;37;38;39;40;41;42;43;44;45;46;48;49;50;53;54;55;56;57;59;61;62;63;64;65;66;67;68;69;70;71;72;73;74;75;76;78;79;80;81;82;83;84;85;86;87;88;89;91;94;95;96;97;98;99;100
A0A1S1KKY6	0.2830188679245283	7;8;13;14;16;17;21;24;25;26;31;35;37;40;49	53	2.5093623387813566	1.5644579308449686	0.57	1;2;3;4;8;10;11;12;13;17;19;20;21;22;24;25;26;27;28;31;32;38;40;41;42;45;49;51;52;56;58;59;60;63;67;68;70;71;72;73;74;75;77;78;80;82;83;84;85;86;89;90;91;92;94;98;100
A0A1S1L7L3	0.4375	6;15;16;17;18;20;25;26;27;29;31;33;34;35;39;41;43;44;45;46;47	48	2.449155714511871	1.022364472531401	0.84	1;2;3;4;5;7;8;9;10;11;12;13;14;15;16;17;19;20;22;23;24;26;27;28;29;30;31;32;34;35;36;37;38;40;42;43;47;48;49;50;51;52;54;55;57;58;59;61;62;63;64;65;66;67;68;69;70;71;72;73;75;76;77;78;79;80;81;82;83;85;86;87;88;89;90;91;93;94;95;96;97;98;99;100
A0A1S1LFP5	0.3170731707317073	4;9;11;12;15;16;20;21;29;31;35;39;40	41	2.6682743859291076	1.1203627479077618	0.84	1;2;3;4;5;6;7;8;9;11;12;13;14;17;18;19;20;21;22;23;24;25;26;27;28;29;30;31;32;33;34;35;37;38;39;40;41;42;44;45;46;47;49;50;51;52;53;54;55;56;57;58;59;60;62;63;64;65;66;69;71;72;73;74;75;76;77;78;79;81;82;84;85;86;87;88;89;90;92;95;97;98;99;100
A0A1S1LZ61	0.3404255319148936	8;10;11;12;13;18;20;23;24;26;28;31;35;38;40;42	47	2.5217124366760255	1.1177311127589116	0.85	1;2;4;5;6;7;8;9;10;11;12;13;14;15;16;17;18;21;22;23;24;25;26;28;29;30;31;32;33;34;36;38;39;42;43;44;45;46;47;48;49;50;51;53;54;55;56;59;60;61;62;63;64;65;66;68;69;70;71;72;73;74;75;76;77;79;80;81;82;83;84;85;87;88;89;90;91;93;94;95;96;97;98;99;100
A0A1V3WG34	0.40425531914893614	6;7;8;9;15;16;18;19;20;25;26;28;29;31;32;33;34;38;44	47	2.560095636844635	1.142343964745954	0.78	1;2;3;4;5;6;7;8;9;10;11;12;13;14;15;16;17;18;19;20;22;23;25;26;28;29;30;31;34;36;37;38;39;40;41;44;45;46;48;51;52;53;54;55;56;57;58;60;61;63;64;66;68;69;70;71;72;73;74;75;77;78;79;82;83;84;85;86;88;89;90;92;93;94;95;97;99;100
A0A1W9YPH5	0.3333333333333333	1;3;4;7;9;14;18;20;21;25;31;36;37;42;50;51;53;54	54	2.259479429125786	1.1936391017418937	0.83	1;2;3;5;6;7;8;9;10;12;13;17;18;19;20;21;22;23;24;25;26;27;28;29;30;32;34;38;39;40;41;44;45;46;47;48;49;50;51;52;53;54;55;56;58;59;60;61;62;63;64;65;67;69;70;71;72;73;74;75;76;77;78;79;80;81;83;84;85;86;87;88;89;90;91;92;93;94;95;97;98;99;100
A0A1X0AYB7	0.3392857142857143	5;6;7;10;12;13;14;19;20;21;23;25;32;40;41;43;54;55;56	56	2.3433666044473647	1.1398360737165125	0.75	1;2;3;4;5;6;7;9;10;11;14;15;17;18;19;23;24;25;26;27;29;31;32;33;35;36;38;39;40;41;42;44;45;46;47;48;51;52;57;58;59;60;61;62;63;64;65;66;67;68;69;70;72;73;74;75;76;77;78;79;80;82;83;84;86;88;89;91;92;93;94;95;97;98;100
A0A1X0ED97	0.4411764705882353	4;5;6;11;13;14;16;17;19;21;22;24;25;26;34	34	2.8837207984924316	1.1079482107055303	0.95	1;2;3;4;5;7;8;9;10;11;13;14;15;16;17;18;19;20;21;22;23;24;25;26;27;28;29;30;31;32;33;34;35;36;37;38;39;40;41;42;43;44;45;46;47;48;49;50;51;52;53;54;55;56;57;58;59;60;61;62;63;64;65;66;67;68;69;70;71;72;73;74;75;76;77;78;79;80;82;83;84;85;86;87;90;91;92;93;94;95;96;97;98;99;100
A0A1X0XWA4	0.3333333333333333	1;3;7;11;14;18;22;24;26;28;32	33	2.818752771615982	1.0500552477853042	0.57	1;2;4;5;7;8;9;11;12;13;15;16;17;18;19;20;21;23;24;26;28;30;31;34;35;36;37;38;41;43;45;46;48;53;55;57;62;64;65;66;68;69;70;71;72;73;79;80;83;85;86;90;92;94;97;98;100
A0A1X1U567	0.36666666666666664	2;3;6;7;13;18;21;22;23;25;29	30	2.886065956354141	0.9734456807001863	0.67	1;3;4;5;6;7;8;9;10;11;13;14;15;18;19;20;22;23;24;25;26;27;29;30;31;33;34;36;38;41;42;43;46;48;49;50;51;54;55;57;58;60;61;62;63;64;65;66;67;69;71;73;75;76;77;78;85;88;89;90;91;92;93;94;95;96;97
A0A1X1WD57	0.32	2;3;4;8;10;14;21;22;27;29;30;32;37;39;42;50	50	2.394570894241333	1.3202313332176112	0.63	1;2;3;4;5;6;7;8;10;11;12;14;15;17;18;19;20;21;22;24;27;30;31;32;36;37;38;40;41;42;43;45;46;47;48;49;50;51;53;55;57;61;63;64;66;67;69;70;71;74;75;77;78;79;80;83;84;87;88;89;90;98;100
A0A1X1ZAJ3	0.35135135135135137	2;6;7;9;17;21;24;26;28;30;31;35;36	37	2.629754374027252	0.9750391944925257	0.97	1;2;4;5;6;7;8;9;10;11;12;13;14;15;16;17;18;19;20;21;22;23;24;26;27;28;29;30;31;32;33;34;35;36;37;38;39;40;41;42;43;44;45;46;47;48;49;50;51;52;53;54;55;56;57;58;59;60;61;62;63;64;65;66;67;68;69;70;71;72;73;74;75;76;77;78;79;80;81;82;83;84;85;86;87;88;89;90;91;92;94;95;96;97;98;99;100
A0A1Y2NRV5	0.3684210526315789	3;4;6;10;13;18;20;21;24;25;27;28;34;37	38	2.8478902530670167	1.340920480729344	0.9	1;2;3;4;5;6;7;8;9;10;12;13;14;15;16;17;18;19;20;21;22;23;24;25;26;27;28;29;30;31;32;33;34;35;36;37;38;39;40;41;42;43;44;47;48;49;50;51;52;53;54;55;56;57;58;59;60;61;64;65;66;68;69;70;71;72;73;74;75;77;78;79;80;81;83;84;86;87;88;89;90;91;93;94;95;96;97;98;99;100
A0A2U9PQ99	0.38461538461538464	3;5;9;10;14;21;24;26;27;28;34;35;36;37;39	39	2.666025360822678	1.1647759078338467	0.63	1;2;3;4;6;7;10;11;12;13;14;16;20;22;25;26;27;29;34;35;37;38;42;44;47;49;50;51;52;53;54;55;56;57;58;60;62;63;65;66;68;69;72;74;76;77;78;80;81;82;83;84;85;87;88;91;92;93;94;96;97;99;100
A0A318K9K9	0.40425531914893614	1;5;6;7;8;9;12;13;16;23;26;27;28;29;33;35;36;40;47	47	2.498021339178085	1.29276784449665	0.86	1;2;3;4;5;6;7;8;9;10;11;12;13;14;15;16;17;18;19;20;22;23;24;25;26;27;28;29;30;31;32;35;36;37;38;40;41;42;43;45;46;47;48;49;50;51;53;54;55;56;57;60;61;62;63;64;65;67;68;69;70;71;72;73;75;77;78;79;80;81;82;83;84;86;87;88;89;90;91;92;94;95;96;97;98;99
A0A375YKM9	0.2833333333333333	5;9;11;12;14;16;18;23;26;27;33;37;43;47;50;54;55	60	2.117049814462662	1.266957940838046	0.59	1;2;3;4;5;6;8;11;13;14;15;17;18;19;21;23;24;26;27;28;29;30;31;32;35;36;40;41;42;44;46;48;49;51;54;55;58;59;60;61;62;63;64;65;67;68;72;74;75;77;78;79;83;84;86;89;90;95;100
A0A3S4RS92	0.3958333333333333	2;4;5;6;9;10;12;14;18;20;22;25;30;32;38;41;43;46;48	48	2.4143829345703125	1.0886870574782597	0.72	2;3;4;5;6;7;8;9;12;13;14;15;16;17;18;21;22;23;24;25;26;28;29;30;32;33;34;35;36;37;38;40;41;43;44;45;46;47;48;50;51;53;54;55;58;59;61;62;63;64;65;66;68;70;72;73;74;75;77;78;80;81;82;83;85;87;89;90;91;97;98;99
A0A498PZU2	0.3181818181818182	5;6;12;15;18;19;20;21;23;26;29;30;35;44	44	2.591426393389702	1.1355477828114744	0.93	1;2;3;4;5;6;7;8;9;10;11;12;13;14;15;16;17;18;19;20;21;22;23;24;25;26;27;28;29;30;31;32;33;34;35;36;37;38;39;40;41;42;43;44;45;46;47;48;50;51;52;53;54;55;56;57;58;59;60;61;62;63;64;65;66;67;68;69;70;71;72;73;74;75;76;77;78;81;82;83;84;87;88;89;90;91;92;93;94;95;96;99;100
A0A498PZZ1	0.4473684210526316	7;8;9;10;13;14;16;17;18;19;20;22;24;26;30;33;34	38	2.74363228559494	1.1953970462199106	0.78	2;3;4;5;6;8;9;10;11;12;13;14;15;16;17;18;19;21;22;23;24;25;26;27;28;29;30;31;32;33;35;36;38;40;41;42;44;45;47;48;49;50;51;52;53;54;57;58;60;61;62;64;68;69;70;72;74;75;76;78;79;80;81;83;84;86;87;88;89;90;92;93;95;96;97;98;99;100
A0A4R1FSR2	0.4117647058823529	1;3;5;6;7;8;11;14;22;29;30;34;36;37;39;40;42;43;44;46;48	51	2.5477631998062136	1.4596989494411343	0.63	1;2;7;8;10;11;13;14;15;17;18;19;21;22;24;25;26;27;28;30;31;33;34;35;37;39;40;41;42;45;50;51;52;54;55;56;57;58;60;61;63;64;65;66;68;72;73;76;77;79;80;81;82;84;85;87;89;90;91;92;94;96;97
A0A4Z0HRY8	0.3076923076923077	8;14;16;19;24;25;27;28;30;33;35;36	39	2.6405264246463775	1.1791608968918013	0.91	1;2;3;4;5;6;7;8;9;11;12;13;14;15;16;17;18;19;20;21;22;23;24;25;27;28;29;30;31;32;33;34;35;36;37;39;40;41;42;43;44;47;48;49;50;52;53;54;55;56;57;58;59;60;61;62;63;64;65;67;68;69;70;71;72;73;74;75;76;77;78;79;80;81;82;83;84;85;86;88;89;90;91;92;93;94;95;96;97;98;99
A0A5B1BH70	0.2962962962962963	4;11;13;18;20;22;27;29;32;38;39;40;41;45;53;54	54	2.339007682800293	1.406520949285227	0.66	1;2;3;4;6;7;8;9;11;12;13;14;16;17;18;19;23;24;25;26;27;28;29;30;31;32;33;34;35;39;40;41;42;43;44;45;47;48;49;50;55;57;58;59;60;61;62;64;65;67;70;71;73;75;76;78;82;83;84;85;86;90;92;93;98;99
A0A5N5VEC4	0.30952380952380953	3;6;10;11;21;26;28;29;31;35;38;40;41	42	2.4568245327472686	0.996202311993659	0.55	1;2;4;6;14;16;17;18;22;23;24;33;34;35;36;38;39;40;41;42;46;47;48;52;53;55;59;62;63;64;65;67;68;69;70;71;72;74;75;76;78;80;83;84;86;88;90;91;92;93;94;96;97;99;100
A0A6G3SLA6	0.391304347826087	2;4;10;14;15;18;19;21;22;26;29;31;33;36;39;40;43;45	46	2.511850723028183	1.142363182801556	0.76	1;2;3;4;6;7;8;9;11;13;16;17;18;19;20;21;22;24;25;26;27;29;31;33;34;35;36;37;39;40;41;42;43;44;45;46;47;48;49;50;51;52;53;54;56;59;61;62;63;64;65;66;67;68;69;75;76;77;78;80;81;82;83;84;85;86;88;89;90;91;94;95;97;98;99;100
A0A6G9XT36	0.32727272727272727	1;11;12;14;16;18;27;29;34;35;38;42;44;45;46;50;52;55	55	2.2201608633995056	1.274030142214528	0.85	1;2;3;5;6;7;8;9;10;11;12;13;14;15;16;17;18;19;20;21;22;24;25;26;27;28;29;30;32;33;34;35;36;37;38;39;40;43;44;45;46;47;48;49;51;52;53;56;57;58;59;60;61;62;63;64;65;66;67;69;70;71;72;73;74;75;76;77;78;79;80;82;83;84;85;86;88;89;90;92;93;96;97;98;100
A0A7I7LJC3	0.2830188679245283	3;7;8;9;11;21;24;25;28;29;30;41;42;45;51	53	2.311818323135376	1.2453103844738307	0.5	3;5;7;8;9;10;11;12;15;16;19;21;23;24;25;28;30;32;35;36;37;40;41;42;43;44;45;47;52;53;54;56;59;64;65;66;68;69;72;75;79;80;85;86;87;89;90;95;98;100
A0A7I7Q331	0.4	1;2;4;5;6;12;15;16;18;19;28;29;33;34;35;41;43;45	45	2.472530974149704	1.1867319637178444	0.85	1;2;3;4;5;6;7;8;9;10;11;12;13;14;15;16;17;18;19;20;21;22;23;25;26;27;28;30;31;32;33;34;36;38;39;41;43;45;46;47;48;49;50;52;53;54;55;56;57;58;59;60;61;62;63;64;65;66;67;68;69;70;71;73;74;75;76;77;78;81;82;83;84;85;86;87;88;90;91;92;94;95;96;99;100
A0A7I7UBW3	0.4666666666666667	1;3;6;7;8;10;12;14;21;22;24;26;27;32;34;37;39;40;41;43;44	45	2.639831848144531	1.3180362247031832	0.68	1;3;5;6;7;8;9;12;13;14;15;16;17;19;20;21;22;23;24;27;28;29;30;31;34;35;36;38;39;41;42;43;45;46;47;48;49;50;51;54;55;56;57;59;60;61;62;63;69;71;73;75;76;77;78;79;80;81;85;87;88;90;91;94;96;97;99;100
A0A7I7X9S2	0.2727272727272727	2;9;15;17;24;26;27;31;32;35;43;44	44	2.5180166608095167	1.3761135698739133	0.75	1;2;3;4;5;6;7;10;11;12;13;14;15;16;18;19;20;23;24;25;26;27;28;29;30;31;32;33;34;35;36;37;38;39;40;41;42;43;45;47;48;50;51;52;54;57;59;60;61;62;63;65;66;68;69;70;71;73;75;76;77;78;79;82;85;86;87;88;89;90;91;93;98;99;100
A0A7I7XXG0	0.34	1;3;4;9;12;13;14;15;19;21;31;33;36;37;38;45;47	50	2.5535413575172425	1.1340767292013165	0.7	1;2;5;6;7;8;9;10;12;14;15;16;17;18;20;21;22;23;24;27;28;29;30;33;34;35;37;38;39;40;42;43;45;47;48;49;50;51;52;54;56;58;59;60;61;63;64;65;66;67;68;71;72;73;77;78;79;86;87;88;90;91;92;93;94;95;96;97;98;99
A0A7I9XMW5	0.2807017543859649	3;14;19;25;27;30;31;33;37;39;41;42;48;49;54;56	57	2.240381969809532	1.3363434973220492	0.89	1;2;3;4;5;6;7;8;9;10;11;14;15;16;17;18;19;20;21;22;23;24;25;26;27;28;29;30;31;33;34;35;36;37;39;40;41;42;43;44;45;46;47;49;50;51;52;53;54;55;56;57;58;59;60;61;62;63;65;66;67;69;70;71;73;74;75;76;77;78;79;80;81;83;84;85;86;87;88;89;91;92;93;95;96;97;98;99;100
A0A7K3LE40	0.3902439024390244	2;4;5;6;13;18;20;22;23;24;25;27;30;38;39;41	41	2.680847473144531	1.1669545493530493	0.85	1;2;3;4;6;7;8;9;10;11;12;13;14;15;16;17;18;19;20;24;26;27;28;29;30;32;35;36;37;38;39;40;41;42;43;44;45;46;47;48;49;50;51;52;53;55;56;58;59;60;61;62;63;64;65;67;68;69;70;71;72;73;74;75;76;77;78;79;82;83;84;85;86;87;88;89;92;93;94;95;96;97;98;99;100
A0A7U5RWM8	0.4	1;3;7;8;10;15;16;23;24;26;29;30	30	2.757108150720596	0.935512633649432	0.58	3;4;5;6;13;15;16;19;20;25;26;28;29;31;32;33;34;36;37;38;39;42;43;45;48;49;50;52;53;55;57;59;60;61;62;64;65;66;67;68;69;70;71;72;74;76;77;81;82;85;86;89;90;93;95;97;98;100
A0A7V8RXZ3	0.375	3;4;7;11;14;16;18;21;23;24;27;30;31;37;39	40	2.716206465959549	1.24062275649701	0.87	1;2;3;4;5;6;7;8;9;10;11;12;13;14;15;16;17;18;19;20;21;22;23;24;26;27;28;29;30;31;32;33;34;35;36;37;38;39;40;41;42;43;44;45;46;47;48;49;51;52;53;54;55;56;57;58;60;61;62;63;64;65;66;69;70;71;72;73;74;75;76;77;78;80;81;82;84;85;86;87;88;89;90;91;96;99;100
A0A7X6MIZ0	0.36585365853658536	1;2;3;5;6;7;8;12;13;16;21;31;33;35;40	41	2.611690111160278	1.2118016413910888	0.85	1;2;3;4;6;7;8;9;11;12;13;14;16;17;18;19;20;21;22;23;24;25;26;27;28;30;31;32;33;34;35;36;37;38;39;40;41;42;44;45;47;48;49;50;51;53;54;55;56;59;60;62;63;65;66;67;68;69;70;71;72;73;74;75;77;78;79;80;81;82;83;84;85;86;89;90;92;93;94;95;96;97;98;99;100
A0A829MDQ7	0.3333333333333333	11;15;17;18;19;22;26;27;29;30;32;33;37;43;44;48;49	51	2.2266272366046906	0.9320199681001249	0.67	1;3;4;5;6;8;9;10;12;13;14;15;19;21;22;23;24;26;27;28;29;30;31;32;33;39;40;43;44;46;47;48;49;50;52;54;55;56;57;58;59;60;64;65;66;67;68;69;71;72;73;74;75;77;81;83;84;85;87;88;89;90;91;92;96;98;100
A0A829PS24	0.4	7;9;10;14;16;17;18;20;21;28;29;31;33;36;37;40	40	2.4330910730361937	0.9093167418028855	0.89	1;2;4;5;6;7;8;9;11;12;13;14;15;17;18;19;20;21;22;23;24;25;26;27;28;29;30;31;32;33;34;35;37;39;40;41;42;43;44;45;46;47;48;50;52;53;54;55;56;57;59;60;61;62;63;64;65;66;68;70;72;73;74;75;76;77;78;79;80;81;82;83;84;85;86;87;88;89;90;91;92;93;94;95;96;97;98;99;100
A0A829Q1V2	0.3142857142857143	1;4;5;19;22;24;26;29;30;32;33	35	2.6881764364242553	0.9996082673882467	0.85	1;2;3;4;5;6;7;8;9;10;11;12;13;14;16;17;18;19;20;22;23;24;25;26;27;28;29;30;32;33;34;35;36;37;38;39;40;41;42;43;44;45;46;49;50;51;52;53;54;56;57;58;59;61;62;64;65;67;68;70;72;73;75;78;79;80;81;83;84;85;86;87;88;89;90;91;92;93;94;95;96;97;98;99;100
A0A846XPH2	0.4090909090909091	3;4;8;10;12;13;17;20;22;23;25;29;30;34;35;36;39;44	44	2.550032331943512	1.1921585858938906	0.65	1;2;4;6;7;9;10;11;12;13;14;15;16;17;18;19;21;22;23;24;25;26;28;31;32;34;35;38;40;42;44;50;51;52;53;55;58;59;60;61;62;63;65;66;67;68;70;71;75;76;78;79;82;84;85;86;87;89;91;93;94;95;96;99;100
A0A8E2LPD0	0.2692307692307692	2;4;8;13;14;20;25;30;31;34;35;37;39;42	52	2.4624294090270995	1.088894110881474	0.87	2;3;4;5;7;8;9;10;11;12;13;14;15;16;17;18;19;20;21;22;23;24;25;26;28;29;30;31;32;33;34;35;36;37;38;39;40;41;43;44;45;46;47;48;49;50;51;52;53;55;56;57;58;59;60;61;62;63;64;65;66;69;70;71;72;74;75;76;77;78;79;80;81;82;83;84;85;88;89;90;92;93;94;97;98;99;100
A0A8J4A7U7	0.2653061224489796	7;12;15;17;18;19;20;21;22;23;29;32;42	49	2.3920904213190077	1.2299397997613224	0.48	1;2;3;4;6;7;8;9;10;11;12;13;14;15;18;19;20;21;23;24;25;29;33;34;35;36;40;45;46;50;51;53;54;58;60;61;66;68;74;83;84;85;87;88;90;97;98;100
A0A934NT38	0.391304347826087	3;5;7;10;11;13;14;16;20;21;23;25;26;27;28;31;32;43	46	2.3408387017250063	0.9288238616671335	0.91	1;2;3;4;5;6;7;8;9;10;11;12;13;14;15;16;17;18;19;20;21;22;23;24;25;26;27;28;29;30;31;32;33;34;35;36;37;38;39;40;41;42;43;44;45;46;47;48;50;52;54;55;56;57;58;59;60;61;62;63;64;65;66;67;68;69;70;71;72;74;75;76;77;78;79;80;81;82;84;86;87;88;89;91;92;93;95;96;98;99;100
A0A9P3UYS2	0.36	2;4;5;8;16;17;21;24;26;27;31;33;34;38;39;47;48;49	50	2.539882982969284	1.0609519934643843	0.51	2;3;4;5;6;7;10;11;12;15;17;19;21;22;23;24;25;28;29;30;32;34;36;37;39;41;44;46;50;51;52;59;60;64;65;66;68;69;74;75;76;80;82;84;89;90;92;93;94;95;96
A0AA37PJ36	0.59375	1;2;3;6;8;9;11;12;13;14;17;19;22;23;24;26;28;29;30	32	2.859566377401352	1.2370047362983345	0.72	1;2;3;4;5;7;9;10;11;12;13;14;16;17;18;19;20;21;22;24;25;27;28;32;33;34;35;36;38;39;40;41;42;44;45;48;49;50;51;52;53;54;55;56;58;59;60;61;62;63;66;67;68;69;73;74;76;77;78;81;82;83;84;85;86;87;89;92;93;95;96;98
A0AAD1I0L4	0.3888888888888889	2;3;6;10;13;14;20;28;29;30;31;32;34;36	36	2.752707688808441	1.2164200058951258	0.5	1;2;4;7;8;9;10;14;15;16;17;20;21;24;26;28;29;30;32;34;35;40;43;44;49;50;51;52;53;54;56;57;58;62;69;71;73;74;75;77;78;81;82;83;86;89;94;95;96;97
A0AAI8U017	0.4358974358974359	1;2;3;6;10;11;15;17;24;25;29;32;34;35;36;38;39	39	2.911144073009491	1.4070464407478336	0.67	1;2;3;5;6;7;10;11;12;13;15;17;18;19;20;21;22;23;27;28;29;30;32;34;35;36;39;40;41;42;43;44;46;48;49;51;53;54;55;56;57;58;59;60;61;62;63;65;69;70;71;75;76;78;79;82;83;84;85;86;92;94;95;96;98;99;100
A0AAU4K3W1	0.5686274509803921	1;2;3;4;5;7;9;11;14;19;21;23;25;26;30;31;33;34;35;36;37;38;39;40;41;44;45;46;47	51	2.4614322245121003	1.1835584008652222	0.96	1;2;3;4;5;6;7;8;9;10;11;12;13;14;15;16;17;18;19;20;21;22;23;24;25;26;27;28;29;30;31;32;33;34;35;36;37;38;39;40;41;42;43;44;45;46;47;48;49;50;51;52;53;54;55;56;57;58;59;60;61;62;64;65;66;67;68;69;70;71;72;73;74;75;76;77;78;79;81;82;83;84;85;86;87;89;90;91;92;93;94;95;96;98;99;100
A0AB38CZ04	0.2727272727272727	6;10;11;13;15;19;23;24;28;34;36;40	44	2.47353927731514	1.0171580182181454	0.86	1;2;3;4;5;7;8;9;10;11;12;13;16;17;18;19;20;21;22;23;24;26;28;29;30;33;34;37;38;39;40;41;42;43;44;45;46;47;48;49;50;51;52;53;54;55;56;57;58;59;60;61;62;63;64;65;66;67;68;69;70;71;72;73;74;76;78;79;80;81;82;83;84;85;86;87;88;89;90;91;92;94;96;98;99;100
A0AB38USB2	0.40540540540540543	3;5;6;10;11;12;14;16;19;20;21;23;30;34;35	37	2.7576180577278135	1.1316556137707756	0.89	1;2;3;4;5;6;7;8;9;10;11;12;13;14;15;17;19;20;21;23;24;26;27;28;29;30;31;32;33;34;35;36;37;38;39;40;41;42;43;44;45;46;47;48;49;50;51;52;54;55;56;58;59;61;62;63;64;65;66;67;68;69;70;72;73;74;75;76;77;78;79;80;81;82;83;85;86;88;89;90;92;93;94;95;96;97;98;99;100
A0AB72XQA2	0.3125	3;6;8;11;14;19;21;23;30;31	32	2.718294427394867	1.178289656263082	0.7	3;4;5;6;7;8;9;11;14;15;16;17;19;20;22;24;26;27;28;29;31;32;36;38;39;40;41;42;43;45;46;47;48;49;50;51;53;55;57;58;59;60;61;64;65;67;68;69;71;72;73;74;76;77;78;79;81;82;83;84;85;86;87;89;90;94;95;96;99;100
A0AB73U9A3	0.3409090909090909	6;17;18;22;23;27;28;29;30;31;32;33;37;43;44	44	2.5530548304319383	1.1376477295905432	0.69	1;3;5;6;7;8;10;12;13;14;16;17;18;19;20;21;22;23;24;25;26;27;32;35;36;38;40;45;46;48;49;50;51;52;53;55;56;58;59;61;62;63;64;65;66;67;68;71;72;73;74;75;77;78;80;81;82;83;84;85;86;87;88;89;92;95;98;99;100
E5XP76	0.40476190476190477	1;5;14;15;16;17;18;19;23;24;26;28;29;30;34;35;38	42	2.64588642001152	1.1813512298609565	0.85	1;2;3;7;8;9;11;12;13;14;15;16;17;18;19;20;21;22;23;25;26;27;28;29;30;32;33;34;35;36;37;38;39;40;41;42;43;44;46;47;48;49;50;51;52;53;55;56;57;58;59;61;62;63;65;67;69;70;72;73;74;75;76;77;78;79;80;82;83;84;85;86;87;89;90;91;92;93;94;95;96;97;98;99;100
H8IU56	0.2641509433962264	4;9;11;24;27;35;36;37;40;46;47;49;50;52	53	2.230050577521324	1.0511511036049372	0.67	1;3;5;6;7;11;12;13;14;16;17;18;21;23;24;25;26;27;28;29;30;31;32;33;35;37;38;39;40;41;42;44;45;47;48;49;50;51;53;56;57;59;60;61;62;63;65;67;69;70;71;72;73;74;76;77;83;85;86;88;91;93;94;96;97;98;99
K0EY54	0.4318181818181818	2;4;5;7;9;14;17;21;22;24;26;28;29;30;31;32;33;34;35	44	2.4503724646568297	1.040333349477624	0.94	1;2;3;4;5;6;7;8;9;10;11;12;13;14;15;16;17;18;19;20;21;22;23;24;25;26;27;28;30;31;32;33;34;35;36;37;38;39;40;41;42;43;44;45;46;47;48;49;50;51;52;53;54;55;56;57;58;59;60;61;62;63;64;65;66;67;68;69;70;71;72;74;75;76;77;78;79;80;81;82;85;86;87;88;89;90;92;93;94;95;96;98;99;100
W7J139	0.2631578947368421	2;3;4;11;26;30;31;35;36;39;40;44;45;54;57	57	2.131975453495979	1.107487073152462	0.66	1;2;4;5;7;8;10;11;12;13;15;17;18;19;20;23;24;25;26;27;28;29;30;31;33;34;36;37;38;41;42;43;45;47;48;49;51;52;54;55;56;58;59;60;62;63;64;65;69;71;72;75;76;77;80;81;82;84;85;86;89;90;91;92;97;99
